image_width: 640
image_height: 480
camera_name: narrow_stereo
camera_matrix:
  rows: 3
  cols: 3
  data: [672.489819, 0, 317.891547, 0, 671.816897, 254.237544, 0, 0, 1]
distortion_model: plumb_bob
distortion_coefficients:
  rows: 1
  cols: 5
  data: [0.076725, -0.050513, 0.004189, -0.002146, 0]
rectification_matrix:
  rows: 3
  cols: 3
  data: [1, 0, 0, 0, 1, 0, 0, 0, 1]
projection_matrix:
  rows: 3
  cols: 4
  data: [687.442627, 0, 316.863865, 0, 0, 686.270325, 255.695991, 0, 0, 0, 1, 0]