image_width: 1280
image_height: 720
camera_name: front_camera
camera_matrix:
  rows: 3
  cols: 3
  data: [757.654720, 0.000000, 634.142469, 0.000000, 758.941873, 360.812546, 0.000000, 0.000000, 1.000000]
distortion_model: plumb_bob
distortion_coefficients:
  rows: 1
  cols: 5
  data: [0.048963, -0.117608, -0.000329, -0.002728, 0.000000]
rectification_matrix:
  rows: 3
  cols: 3
  data: [1.000000, 0.000000, 0.000000, 0.000000, 1.000000, 0.000000, 0.000000, 0.000000, 1.000000]
projection_matrix:
  rows: 3
  cols: 4
  data: [733.942871, 0.000000, 626.730365, 0.000000, 0.000000, 763.376526, 360.639303, 0.000000, 0.000000, 0.000000, 1.000000, 0.000000]
